-0.510000       0.000000
-0.500000       0.024149
-0.498333       0.026695
-0.496667       0.024121
-0.495000       0.024686
-0.493333       0.023862
-0.491667       0.025538
-0.490000       0.041195
-0.488333       0.043772
-0.486667       0.044224
-0.485000       0.039656
-0.483333       0.041669
-0.481667       0.044731
-0.480000       0.039877
-0.478333       0.042603
-0.476667       0.044397
-0.475000       0.066665
-0.473333       0.069963
-0.471667       0.073433
-0.470000       0.069469
-0.468333       0.073455
-0.466667       0.067202
-0.465000       0.072202
-0.463333       0.073058
-0.461667       0.117337
-0.460000       0.115180
-0.458333       0.113853
-0.456667       0.119178
-0.455000       0.121330
-0.453333       0.124979
-0.451667       0.119674
-0.450000       0.115042
-0.448333       0.177651
-0.446667       0.179262
-0.445000       0.173844
-0.443333       0.180858
-0.441667       0.178082
-0.440000       0.183650
-0.438333       0.184901
-0.436667       0.178940
-0.435000       0.251140
-0.433333       0.239672
-0.431667       0.250682
-0.430000       0.243530
-0.428333       0.244967
-0.426667       0.240274
-0.425000       0.249021
-0.423333       0.250281
-0.421667       0.313232
-0.420000       0.315664
-0.418333       0.303832
-0.416667       0.313384
-0.415000       0.318645
-0.413333       0.314334
-0.411667       0.308134
-0.410000       0.311455
-0.408333       0.315499
-0.406667       0.371273
-0.405000       0.373375
-0.403333       0.379222
-0.401667       0.381158
-0.400000       0.378596
-0.398333       0.385725
-0.396667       0.378627
-0.395000       0.376110
-0.393333       0.437596
-0.391667       0.442003
-0.390000       0.438069
-0.388333       0.435584
-0.386667       0.442750
-0.385000       0.440156
-0.383333       0.434036
-0.381667       0.446403
-0.380000       0.505453
-0.378333       0.502174
-0.376667       0.498222
-0.375000       0.504551
-0.373333       0.496836
-0.371667       0.503345
-0.370000       0.494820
-0.368333       0.497670
-0.366667       0.557107
-0.365000       0.555716
-0.363333       0.548940
-0.361667       0.562416
-0.360000       0.557373
-0.358333       0.541461
-0.356667       0.561273
-0.355000       0.543538
-0.353333       0.622543
-0.351667       0.614289
-0.350000       0.603150
-0.348333       0.603403
-0.346667       0.607860
-0.345000       0.611680
-0.343333       0.597552
-0.341667       0.620061
-0.340000       0.610857
-0.338333       0.654086
-0.336667       0.671544
-0.335000       0.662757
-0.333333       0.674864
-0.331667       0.649823
-0.330000       0.661925
-0.328333       0.666927
-0.326667       0.656437
-0.325000       0.699107
-0.323333       0.706030
-0.321667       0.706671
-0.320000       0.711242
-0.318333       0.700254
-0.316667       0.702544
-0.315000       0.708954
-0.313333       0.702099
-0.311667       0.747325
-0.310000       0.743898
-0.308333       0.731302
-0.306667       0.747770
-0.305000       0.739449
-0.303333       0.748700
-0.301667       0.744920
-0.300000       0.746985
-0.298333       0.773025
-0.296667       0.773848
-0.295000       0.774970
-0.293333       0.772433
-0.291667       0.786424
-0.290000       0.788605
-0.288333       0.769636
-0.286667       0.762691
-0.285000       0.783934
-0.283333       0.800590
-0.281667       0.796757
-0.280000       0.790122
-0.278333       0.805532
-0.276667       0.777508
-0.275000       0.809823
-0.273333       0.803964
-0.271667       0.805097
-0.270000       0.823328
-0.268333       0.825015
-0.266667       0.828709
-0.265000       0.811653
-0.263333       0.821616
-0.261667       0.827437
-0.260000       0.815467
-0.258333       0.820210
-0.256667       0.843910
-0.255000       0.836899
-0.253333       0.842025
-0.251667       0.840091
-0.250000       0.838915
-0.248333       0.846401
-0.246667       0.837921
-0.245000       0.833495
-0.243333       0.866665
-0.241667       0.861280
-0.240000       0.855537
-0.238333       0.863588
-0.236667       0.871866
-0.235000       0.856292
-0.233333       0.872691
-0.231667       0.848244
-0.230000       0.867449
-0.228333       0.873727
-0.226667       0.884418
-0.225000       0.859354
-0.223333       0.866021
-0.221667       0.889540
-0.220000       0.885276
-0.218333       0.875681
-0.216667       0.899983
-0.215000       0.892494
-0.213333       0.886702
-0.211667       0.895691
-0.210000       0.893686
-0.208333       0.892422
-0.206667       0.907191
-0.205000       0.892699
-0.203333       0.893895
-0.201667       0.910653
-0.200000       0.902304
-0.198333       0.909915
-0.196667       0.918793
-0.195000       0.919289
-0.193333       0.913319
-0.191667       0.908040
-0.190000       0.907441
-0.188333       0.936217
-0.186667       0.923925
-0.185000       0.930884
-0.183333       0.936233
-0.181667       0.940857
-0.180000       0.931300
-0.178333       0.944532
-0.176667       0.938872
-0.175000       0.982207
-0.173333       0.970655
-0.171667       0.980454
-0.170000       0.974440
-0.168333       0.981045
-0.166667       0.963981
-0.165000       0.974843
-0.163333       0.977584
-0.161667       1.017284
-0.160000       1.023437
-0.158333       1.022628
-0.156667       1.016148
-0.155000       1.026516
-0.153333       1.012837
-0.151667       1.015004
-0.150000       1.005011
-0.148333       1.040887
-0.146667       1.049737
-0.145000       1.058560
-0.143333       1.062282
-0.141667       1.050631
-0.140000       1.057023
-0.138333       1.055126
-0.136667       1.056764
-0.135000       1.062632
-0.133333       1.080137
-0.131667       1.083765
-0.130000       1.080679
-0.128333       1.090488
-0.126667       1.101793
-0.125000       1.090036
-0.123333       1.086374
-0.121667       1.106062
-0.120000       1.102256
-0.118333       1.082155
-0.116667       1.109590
-0.115000       1.085872
-0.113333       1.111141
-0.111667       1.092360
-0.110000       1.100442
-0.108333       1.101269
-0.106667       1.098169
-0.105000       1.093320
-0.103333       1.101484
-0.101667       1.089619
-0.100000       1.096667
-0.098333       1.098352
-0.096667       1.096504
-0.095000       1.107196
-0.093333       1.082233
-0.091667       1.080615
-0.090000       1.068127
-0.088333       1.059091
-0.086667       1.071769
-0.085000       1.073671
-0.083333       1.078920
-0.081667       1.069943
-0.080000       1.046458
-0.078333       1.047984
-0.076667       1.041374
-0.075000       1.040369
-0.073333       1.055042
-0.071667       1.038929
-0.070000       1.043137
-0.068333       1.051152
-0.066667       1.020184
-0.065000       0.998675
-0.063333       1.016850
-0.061667       1.008233
-0.060000       1.004839
-0.058333       1.017165
-0.056667       1.010010
-0.055000       1.005382
-0.053333       1.010761
-0.051667       0.979198
-0.050000       0.978994
-0.048333       0.985124
-0.046667       0.990598
-0.045000       0.987479
-0.043333       0.985713
-0.041667       0.983753
-0.040000       0.982430
-0.038333       0.966553
-0.036667       0.968587
-0.035000       0.984199
-0.033333       0.980288
-0.031667       0.980639
-0.030000       0.969228
-0.028333       0.979525
-0.026667       0.971068
-0.025000       0.983981
-0.023333       0.989567
-0.021667       0.984941
-0.020000       0.980663
-0.018333       0.991322
-0.016667       0.992021
-0.015000       0.982547
-0.013333       0.981403
-0.011667       1.012628
-0.010000       1.011569
-0.008333       0.995698
-0.006667       1.010132
-0.005000       0.995547
-0.003333       1.005262
-0.001667       1.020195
0.000000        1.015985
0.001667        1.029367
0.003333        1.034205
0.005000        1.029422
0.006667        1.027584
0.008333        1.032155
0.010000        1.037291
0.011667        1.034788
0.013333        1.038247
0.015000        1.026690
0.016667        1.023803
0.018333        1.034130
0.020000        1.028056
0.021667        1.024106
0.023333        1.032520
0.025000        1.034939
0.026667        1.027481
0.028333        1.035256
0.030000        0.991413
0.031667        0.993187
0.033333        0.993922
0.035000        0.992335
0.036667        0.987949
0.038333        0.978233
0.040000        0.985633
0.041667        0.993281
0.043333        0.917980
0.045000        0.914213
0.046667        0.919960
0.048333        0.920864
0.050000        0.918145
0.051667        0.917777
0.053333        0.915523
0.055000        0.927625
0.056667        0.842553
0.058333        0.842703
0.060000        0.838389
0.061667        0.844519
0.063333        0.834988
0.065000        0.850545
0.066667        0.835536
0.068333        0.848727
0.070000        0.799877
0.071667        0.797405
0.073333        0.792657
0.075000        0.795779
0.076667        0.796799
0.078333        0.793593
0.080000        0.799968
0.081667        0.794145
0.083333        0.791681
0.085000        0.790828
0.086667        0.789066
0.088333        0.784036
0.090000        0.787743
0.091667        0.785621
0.093333        0.794738
0.095000        0.776267
0.096667        0.794953
0.098333        0.815865
0.100000        0.824112
0.101667        0.815017
0.103333        0.813904
0.105000        0.816479
0.106667        0.820197
0.108333        0.818350
0.110000        0.822307
0.111667        0.849166
0.113333        0.862213
0.115000        0.859474
0.116667        0.864094
0.118333        0.850963
0.120000        0.858472
0.121667        0.856197
0.123333        0.860592
0.125000        0.846557
0.126667        0.853951
0.128333        0.855617
0.130000        0.852402
0.131667        0.846203
0.133333        0.861682
0.135000        0.859836
0.136667        0.843757
0.138333        0.778992
0.140000        0.784288
0.141667        0.782960
0.143333        0.776885
0.145000        0.782194
0.146667        0.781653
0.148333        0.791424
0.150000        0.767206
0.151667        0.783737
0.153333        0.677965
0.155000        0.684768
0.156667        0.676625
0.158333        0.679568
0.160000        0.676129
0.161667        0.683674
0.163333        0.680571
0.165000        0.684430
0.166667        0.608492
0.168333        0.608596
0.170000        0.598903
0.171667        0.604924
0.173333        0.608840
0.175000        0.609561
0.176667        0.605190
0.178333        0.606894
0.180000        0.586705
0.181667        0.587290
0.183333        0.586636
0.185000        0.578230
0.186667        0.580465
0.188333        0.589556
0.190000        0.586661
0.191667        0.586893
0.193333        0.587215
0.195000        0.591970
0.196667        0.593049
0.198333        0.577533
0.200000        0.600120
0.201667        0.588653
0.203333        0.585598
0.205000        0.579295
0.206667        0.527027
0.208333        0.529933
0.210000        0.528261
0.211667        0.534913
0.213333        0.528385
0.215000        0.524296
0.216667        0.536846
0.218333        0.518169
0.220000        0.541254
0.221667        0.399757
0.223333        0.400103
0.225000        0.400371
0.226667        0.404365
0.228333        0.405839
0.230000        0.402817
0.231667        0.406288
0.233333        0.400793
0.235000        0.291883
0.236667        0.288847
0.238333        0.293257
0.240000        0.287467
0.241667        0.284515
0.243333        0.287272
0.245000        0.290576
0.246667        0.289186
0.248333        0.227302
0.250000        0.225121
0.251667        0.222507
0.253333        0.225155
0.255000        0.225199
0.256667        0.222818
0.258333        0.224660
0.260000        0.223401
0.261667        0.184653
0.263333        0.182700
0.265000        0.186354
0.266667        0.185169
0.268333        0.186015
0.270000        0.186957
0.271667        0.185197
0.273333        0.188860
0.275000        0.150087
0.276667        0.151315
0.278333        0.153399
0.280000        0.151187
0.281667        0.150633
0.283333        0.148160
0.285000        0.150484
0.286667        0.151913
0.288333        0.152707
0.290000        0.110598
0.291667        0.109441
0.293333        0.109726
0.295000        0.110441
0.296667        0.110984
0.298333        0.111042
0.300000        0.111064
0.301667        0.110706
0.303333        0.075559
0.305000        0.074563
0.306667        0.074210
0.308333        0.074547
0.310000        0.075359
0.311667        0.074843
0.313333        0.074400
0.315000        0.074245
0.316667        0.049731
0.318333        0.049149
0.320000        0.049625
0.321667        0.049481
0.323333        0.050253
0.325000        0.050569
0.326667        0.049584
0.328333        0.049343
0.330000        0.032516
0.331667        0.033132
0.333333        0.032438
0.335000        0.032724
0.336667        0.032430
0.338333        0.033515
0.340000        0.032346
0.341667        0.032449
0.343333        0.021776
0.345000        0.022595
0.346667        0.022054
0.348333        0.022051
0.350000        0.022424
0.351667        0.021899
0.353333        0.021724
0.355000        0.022191
0.356667        0.015926
0.358333        0.015980
0.360000        0.015844
0.361667        0.016096
0.363333        0.015495
0.365000        0.015966
0.366667        0.016045
0.368333        0.016256
0.370000        0.016097
0.371667        0.012704
0.373333        0.012494
0.375000        0.012613
0.376667        0.012967
0.378333        0.013234
0.380000        0.012810
0.381667        0.013198
0.383333        0.013242
0.385000        0.010667
0.386667        0.010885
0.388333        0.011407
0.390000        0.011144
0.391667        0.010864
0.393333        0.010828
0.395000        0.011387
0.396667        0.010765
0.398333        0.009054
0.400000        0.009175
0.401667        0.008932
0.403333        0.008589
0.405000        0.009227
0.406667        0.008612
0.408333        0.008504
0.410000        0.008773
0.411667        0.006672
0.413333        0.006627
0.415000        0.006564
0.416667        0.006244
0.418333        0.006348
0.420000        0.006508
0.421667        0.006637
0.423333        0.006577
0.425000        0.005090
0.426667        0.004647
0.428333        0.004890
0.430000        0.004878
0.431667        0.004842
0.433333        0.004800
0.435000        0.005066
0.436667        0.004741
0.438333        0.005052
0.440000        0.003706
0.441667        0.003712
0.443333        0.003456
0.445000        0.003610
0.446667        0.003573
0.448333        0.003709
0.450000        0.003461
0.451667        0.003693
0.453333        0.002847
0.455000        0.002900
0.456667        0.002635
0.458333        0.002906
0.460000        0.002736
0.461667        0.002732
0.463333        0.002785
0.465000        0.002925
0.466667        0.002225
0.468333        0.002231
0.470000        0.002247
0.471667        0.002136
0.473333        0.002211
0.475000        0.002248
0.476667        0.002185
0.478333        0.002037
0.480000        0.001658
0.481667        0.001677
0.483333        0.001610
0.485000        0.001550
0.486667        0.001547
0.488333        0.001615
0.490000        0.001683
0.491667        0.001648
0.493333        0.001084
0.495000        0.001175
0.496667        0.000970
0.498333        0.001059
0.500000        0.000000